Gold (OG|GC) OGU6 (0.07 DTE) vs 4619.3 (-38.9) - Open Interest
Put: 64,748  Call: 88,794  Vol: 22.00  Vol Chg: -3.59  Future Chg: -38.9
Strike,Call,Put,Vol Settle
4580,79,123,0.273298003949094
4585,50,148,0.270153727642537
4590,84,106,0.2672398582126334
4595,84,158,0.2645614898810891
4600,1856,1328,0.26212331965325575
4605,204,103,0.2599296473126742
4610,216,69,0.2579843754374451
4615,140,32,0.25629100939295313
4620,683,522,0.2548526573300478
4625,173,169,0.25367203017776774
4630,98,84,0.25275144165061647
4635,125,68,0.25209280825947644
4640,80,70,0.2516976492752292
4645,78,36,0.2515670867742301
4650,718,342,0.2517018456255755
4655,66,73,0.25210225346927473
4660,61,55,0.2527682407289831